function mpc = Garver

%% system MVA base
mpc.baseMVA = 100;

%% bus data
%	bus_i	type	Pd	Qd	Gs	Bs	area	Vm	Va	baseKV	zone	Vmax	Vmin
mpc.bus = [
    1	3	80	0	0	0	1	1	0	230	1	1.1	0.9 0;
	2	2	240	0	0	0	1	1	0	230	1	1.1	0.9 0;
	3	2	40	0	0	0	1	1	0	230	1	1.1	0.9 0;
	4	2	160	0	0	0	1	1	0	230	1	1.1	0.9 0;
	5	2	240	0	0	0	1	1	0	230	1	1.1	0.9 0;
	6	2	0	0	0	0	1	1	0	230	1	1.1	0.9 1;
];

%% generator data
%	bus	Pg	Qg	Qmax	Qmin	Vg	mBase	status	Pmax	Pmin	Pc1	Pc2	Qc1min	Qc1max	Qc2min	Qc2max	ramp_agc	ramp_10	ramp_30	ramp_q	apf
mpc.gen = [
    1	0	0	300	-300	1	100	1	150	0;	
	3	0	0	300	-300	1	100	1	360	0;  %%312
    6   0   0   300 -300    1   100 1   600 0;  %%298
];    
%% branch data
%%%%de a R X C Capcidad  0 0 0 0 On/off Costo Old/New
mpc.branch = [
 	1	2	0.010	0.4 	0	100	0	0	0	0	1 40 0; %actual
    1	4	0.15	0.6 	0	80	0	0	0	0	1 60 0; %actual
	1	5	0.05	0.2     0	100	0	0	0	0	1 20 0; %actual
 	2	3	0.05	0.2 	0	100	0	0	0	0	1 20 0; %actual
	2	4	0.10	0.4 	0	100	0	0	0	0	1 40 0; %actual
    3	5	0.05	0.2 	0	100	0	0	0	0	1 20 0; %actual
 	1	3	0.09	0.38 	0	100	0	0	0	0	0 38 1; %Opt
 	1	3	0.09	0.38 	0	100	0	0	0	0	0 38 1; %Opt
 	1	3	0.09	0.38 	0	100	0	0	0	0	0 38 1; %Opt
    1	6	0.17	0.68 	0	70	0	0	0	0	0 68 1; %Opt
    2   5   0.08    0.31    0   100 0   0   0   0   0 31 1; %Opt
    2   6   0.08   0.3     0   100 0   0   0   0   0 30 1; %Opt
    2   6   0.00   0.3     0   100 0   0   0   0   0 30 1; %Opt
    2   6   0.08   0.3     0   100 0   0   0   0   0 30 1; %Opt
    2   6   0.08   0.3     0   100 0   0   0   0   0 30 1; %Opt    
    3   4   0.15    0.59    0   82 0   0   0   0   0 59 1; %Opt
    3	5	0.05	0.2 	0	100	0	0	0	0	0 20 1; %Opt
    3	5	0.05	0.2 	0	100	0	0	0	0	0 20 1; %Opt
    3	5	0.05	0.2 	0	100	0	0	0	0	0 20 1; %Opt
    3   6   0.12    0.48    0   100 0   0   0   0   0 48 1; %Opt 
    4   5   0.16    0.63    0   75	0	0	0	0	0 63 1; %Opt
    4   6   0.08   0.3     0   100	0	0	0	0	0 30 1; %Opt
    4   6   0.08   0.3     0   100	0	0	0	0	0 30 1; %Opt
    4   6   0.08   0.3     0   100	0	0	0	0	0 30 1; %Opt
    5   6   0.15    0.61    0   78	0	0	0	0	0 61 1; %Opt
];

%% generator cost data
mpc.gencost = [
	2	0	0	3	0  0.02  0;
	2	0	0	3	0  0.30  0;
	2	0	0	3   0  0.40  0;
];

%% Escenarios de demanda(5 escenarios)
mpc.NoScenarios=5;
%   Bus 3
%  Esc. bus   pi  Di
mpc.scenario = [
    1    1   0.1  0.1
    2    1   0.1  0.2
    3    1   0.5  0.5
    4    1   0.2  0.85
    5    1   0.1  1.0
    1    2   0.1  0.2
    2    2   0.1  0.5
    3    2   0.5  0.8
    4    2   0.2  0.9
    5    2   0.1  1.0
    1    3   0.1  1.0
    2    3   0.1  1.0
    3    3   0.5  0.85
    4    3   0.2  0.75
    5    3   0.1  0.65
    1    4   0.1  0.85
    2    4   0.1  0.75
    3    4   0.5  0.65
    4    4   0.2  0.55
    5    4   0.1  0.4
    1    5   0.1  0.3
    2    5   0.1  0.45
    3    5   0.5  0.5
    4    5   0.2  0.85
    5    5   0.1  0.86
];